0.00803939302582655
0.00803939302582655
0.00803939302582655
0.00803939302582655
0.00803939302582655
0.00803939302582655
0.00803939302582655
0.007904984423676011
0.00786202909721553
0.007584471603163192
0.00744202146071305
0.007143426612453161
0.00672458854277036
0.0063770325203252026
0.006044708029197081
0.005694022289766971
0.0054794520547945215
0.005095748133722818
0.0047207909761871605
0.004185856383703502
0.005474901297236323
0.006946386982044859
0.0064696279143658456
0.006028948326919727
0.005224655887127582
0.008462742823522683
0.008249233281871078
0.009506314688433899
0.010111299758627911
0.010027689191012473
0.009725919363846428
0.009629610959989683
0.011684301238162716
0.012709161747345337
0.0118875872532355
0.012541127760767407
0.013569482740857215
0.013313475797539146
0.012681943069884486
0.012382577359972259
0.012005650264250906
0.011513205692435202
0.01185465198614039
0.011508220632142581
0.011329836748450518
0.011026484329810588
0.010500412601866155
0.010244670625900312
0.00981508333443246
0.0091266286053196
0.008576403043677728
0.008131924891988008
0.007948194425433572
0.0076761655268866025
0.007346351854893593
0.0068646643801442385
0.006422437542370225
0.006226825365929609
0.005814252711401669
0.005461867005653192
0.005071618383231636
0.0046648375104512965
0.004373597851259995
0.0042394933550147324
0.00398050434305673
0.003655658734617242
0.0034536949303405748
0.0032330221052606616
0.002972501497250675
0.0027587103071118717
0.0025892762542370773
0.0024191630541739954
0.0022539628616856577
0.0021226370229383215
0.0019882263662062754
0.0018629955133285232
0.0017286263770224647
0.0016418253148913723
0.001543434473238487
0.0014521709149600535
0.0013651211313931593
0.0012782799064378276
0.001205289106185091
0.001147165351489539
0.0010796041733613687
0.0010164189202974733
0.0009617122115197099
0.0009085457348488935
0.000860720289653687
0.0008208701538587201
0.0007790078609912447
0.0007481186433382329
0.0007179669478443041
0.0006907959862432136
0.0006688100864500963
0.0006454600498754025
0.0006286517250789765
0.0006193071432345971
0.0006145305539596239
0.0006115781849013242
0.000566703390405219
