0.017753998346071085
0.017753998346071085
0.017753998346071085
0.017753998346071085
0.017753998346071085
0.017728606357243562
0.017576831393652598
0.017182411483272042
0.016950006351215723
0.016481204975876143
0.015623974868264662
0.015182878266103615
0.01428798014723126
0.013318342544066783
0.012502100072159947
0.011773604344860716
0.011118637145063288
0.010895059814058828
0.010447831993393612
0.009626480005484337
0.00883881322106541
0.008720333930547022
0.009608442396887178
0.009747797900896976
0.009826058102541795
0.009390906414774896
0.010396669791995203
0.009787671767707638
0.01007360994374113
0.01221552476085009
0.012144196098203348
0.012315849015250426
0.01200663018835988
0.011895142460513517
0.011720910130354378
0.011569421184675226
0.010925433396598835
0.010598727159624524
0.010266476215965792
0.010358176846317742
0.010032027561302238
0.009505030701406398
0.009225992805864384
0.009072599644056819
0.00854373970840971
0.008441022749576204
0.008284562925671422
0.008054258372180663
0.007873028323309512
0.007624095131440148
0.007483542104112
0.0072253605673592
0.006906246564526736
0.00646969770795085
0.00609252064409784
0.005795098414346779
0.005492765655801468
0.00520790483943576
0.004978896361987756
0.004604085436895416
0.004391460423976257
0.004071640809341703
0.0038031945464647434
0.0035569879101487976
0.0033028426490669567
0.0031201682860797124
0.0029137710878253745
0.002730701536591191
0.0025801864698055915
0.0024331465115946666
0.002292082993654585
0.0021513789097785544
0.0020369082333245117
0.0019158848994810553
0.0018085890801363075
0.0017129248558727388
0.0016108514808751276
0.0015282631549865498
0.0014401670493212426
0.0013527853085016452
0.0012827954380941133
0.0012094972740207075
0.001147758032742717
0.0010860638669276767
0.0010266913411916046
0.0009679158405256927
0.0009155771698509484
0.0008665936714246604
0.0008259809942507285
0.000791130946225024
0.000762355190307881
0.0007335833037928924
0.0007042684310293595
0.0006807600080839952
0.0006615018100074324
0.0006445810744185926
0.0006300499583747885
0.0006197427275998679
0.0006144303124548891
0.0006122380747672198
0.0005703783504368616
