0.0
0.0
0.0
0.0
0.0
0.0
0.0
0.0
0.0
0.0
0.0
0.0
0.0
0.0
0.0
0.0
0.0
0.0
0.0
0.0
0.0
0.0
0.0
0.0
0.0
0.0
0.0
0.0
0.007999999999999998
0.007999999999999998
0.007999999999999998
0.007999999999999998
0.007999999999999998
0.007999999999999998
0.015686274509803918
0.022829131652661063
0.03741366992140986
0.05134096464725267
0.0657559835905735
0.07252290088380658
0.08607977237877013
0.09916314851299372
0.1274316346927992
0.14124185999920943
0.1740732391298429
0.19942715332343888
0.2047156148619004
0.23060264763017624
0.255012025012025
0.2613756613756614
0.27083073562845755
0.29323141361680916
0.31335461149020466
0.3577672834838519
0.38973640645034596
0.4037195616040974
0.42969762972164877
0.46771182338733047
0.48526801786310697
0.4991953517904409
0.5122000612962363
0.5229601971687293
0.5385512570645811
0.5736111840122864
0.5939260563380282
0.5971780888583534
0.6141477932636469
0.6282982713633398
0.6266175990944323
0.6287523913459723
0.6355092995146451
0.6419784513657363
0.6460041832936781
0.648673257776706
0.6536840451092373
0.6615582081287263
0.6599353584046108
0.6700929636539583
0.6685654723547575
0.6725406276342606
0.6753371320037987
0.6753371320037987
0.6825727892474714
0.6928327228327228
0.6959699777346836
0.6993033110680169
0.7004514864979982
0.7004514864979982
0.6988254702378356
0.7015966121394123
0.7015966121394123
0.7073195109762193
0.7102975674025515
0.7130091148546319
0.7130091148546319
0.7130091148546319
0.7130091148546319
0.7130091148546319
0.7130091148546319
0.7130091148546319
0.7130091148546319
