0.0
0.0
0.0
0.0
0.0
0.0
0.0
0.0
0.0
0.0
0.0
0.0
0.0
0.0
0.0
0.0
0.0
0.0
0.0
0.0
0.0
0.0
0.0
0.0029850746268656712
0.0029850746268656712
0.0029850746268656712
0.005532845327502614
0.005532845327502614
0.008199511994169281
0.021467882502336354
0.029050388204936384
0.031647111802008535
0.03710749478561134
0.039687474145776454
0.042233947280484886
0.047618746632652205
0.05013236204949342
0.06249278291782001
0.06978824145000889
0.08416599070580397
0.09729838280788666
0.1020042493990988
0.11662363202883129
0.14105378078250366
0.1549988497814585
0.1798195501409322
0.21299642830074458
0.23638898811104891
0.26290282737558085
0.28946458889158383
0.3290687383846645
0.3519893728746182
0.3719650329373922
0.38721576772256927
0.4059126338342181
0.4343937920591381
0.4521412771464981
0.4743927723508368
0.49887996326632605
0.509341034462271
0.5440908871184587
0.5560786507331129
0.5657211412307674
0.5760074321504633
0.5855487427530092
0.6012809389923334
0.612857479791538
0.6230029068591743
0.6385834598559967
0.6488453029060085
0.6566517742076619
0.6636691022617356
0.6701329885600493
0.6764989687449727
0.6816173755103281
0.6870033298139824
0.6869484764498693
0.6939310679872078
0.6941808435329803
0.6947096312411386
0.7001220546814825
0.7039398781071491
0.7079082521587337
0.7109790587430931
0.7146028015520682
0.7149335588809245
0.7142241985631349
0.7147757743668706
0.7178028958053301
0.7217681220992369
0.7278485242442814
0.7307398413890325
0.7307398413890325
0.733668637422358
0.7384945847224447
0.7415011334716054
0.7425947351423858
0.7425947351423858
0.7425947351423858
0.7425947351423858
0.7425947351423858
