0.00031821779768209196
0.00031821779768209196
0.00031821779768209196
0.00031821779768209196
0.00031821779768209196
0.00031821779768209196
0.00031821779768209196
0.00032260233266466167
0.0003248063169119253
0.00033588837801967297
0.0003534793713361865
0.0003736676834631979
0.00045656862445043035
0.0004890852449069202
0.0005348009600310867
0.0006017566505807546
0.0006607129597893833
0.0007708949069045441
0.000849440615914744
0.000948174637185142
0.001034761134551706
0.0011312256145786094
0.0012375642529054245
0.0013917835309543453
0.0015652810399053836
0.0017246322460368133
0.0019847934826184048
0.0022469448130254914
0.0025363409478885695
0.0028081805152924346
0.0031171069676617534
0.003426559017992139
0.003787070962308593
0.004187254733419104
0.004649778955002529
0.005248367731676095
0.005860343227186898
0.006587862212113167
0.007304756891318657
0.008060852924142969
0.008938448503449506
0.009968247329375669
0.01113665262881702
0.012405445721842108
0.01382829410407712
0.015427563687270173
0.017149997866925094
0.019085636899754118
0.02132811379748195
0.023699206366781352
0.02637285479577426
0.029389390398885107
0.03275139810527095
0.03648919713458276
0.04055373001040784
0.044995651585151016
0.04988339856455863
0.05517604947304273
0.06097581896539753
0.0673566123524153
0.07440670731589527
0.08213949203247585
0.09046550380513692
0.099258819664566
0.10861688681639706
0.11871185916789564
0.12971232183766887
0.14118584628577285
0.15381254261852007
0.16717926563548222
0.18098949901304265
0.1961880814183743
0.2123120959439604
0.22979788170069002
0.2485063991336142
0.2682226530448117
0.2895916044020784
0.31175688874569507
0.3352077987338483
0.3593965408177681
0.38520213517283436
0.41247746783942124
0.4411569070759077
0.47145764520985756
0.5026495022457853
0.5352015555527576
0.5694605053784424
0.6047757227947007
0.6408144771387065
0.6768681936601131
0.7124454858277554
0.7470662010186433
0.7810269009897973
0.8144872474486582
0.8479405124509121
0.8783713316633507
0.9016774431952826
0.915176632972163
0.9222458474884904
0.9267148646222911
1.0
