0.00032368689405328155
0.00032368689405328155
0.00032368689405328155
0.00032368689405328155
0.00032368689405328155
0.00032445057929277325
0.00033219569476682423
0.0003483194861241722
0.0003575148817256321
0.00038388681260674535
0.0004221745592362894
0.00044271297427553227
0.0005045166855594155
0.0005631035886540855
0.0006172833793021969
0.000674688366448208
0.0007344468496208137
0.0008150086365187815
0.0009113931048711986
0.0010172715617455344
0.001131925627067916
0.0012378354556537752
0.00137404450481472
0.0015158023235354134
0.0017160337732258775
0.0018810435249678357
0.0021117437053556
0.0023328411880505504
0.0026295571377006294
0.0029129492777033457
0.003246959946278246
0.0036100501090674648
0.004001265665853744
0.004453613695522821
0.004973815899906654
0.005517898443877709
0.006143268057634167
0.006871481636173609
0.007669751012352833
0.00858973922328962
0.009601817686810352
0.010752728162661332
0.011987634691331031
0.013413304537595597
0.014909061355338364
0.01670661760887712
0.01866436384515897
0.02078334166472451
0.023144348878977507
0.025697078239281995
0.028594339367752977
0.03188304382797462
0.035469280782287886
0.039460510373095524
0.04395572196288183
0.048951205466198376
0.0544082970936404
0.060570353228793034
0.06707977525071862
0.0743997940131922
0.08239599004013518
0.09108418969976328
0.10025700231620964
0.11026224081010903
0.12086036632897271
0.13209244084928143
0.1440651653016628
0.15686303784989827
0.1702008656928571
0.18406063174541665
0.19872756107441836
0.21425604604762008
0.230882808980013
0.24837765799112185
0.2670308050541401
0.28650348609272425
0.30711470385305467
0.3288177063325503
0.3516658827289228
0.37612019020649184
0.4021486753495824
0.4297797001860185
0.45900049508059726
0.49012531267719944
0.5229893422816712
0.5572429924796374
0.5924551233670508
0.6284571867729682
0.6647745292090688
0.6998423290373017
0.733944110609253
0.7665159163072554
0.7978654233720996
0.8283272451970233
0.8580205040639253
0.884927359301223
0.9061451195426047
0.9209255708616589
0.9286928759186532
0.931935413460723
1.0
