0.018685059854091527
0.018685059854091527
0.018685059854091527
0.018685059854091527
0.018685059854091527
0.018685059854091527
0.018685059854091527
0.018685059854091527
0.018685059854091527
0.018685059854091527
0.018685059854091527
0.018685059854091527
0.018685059854091527
0.018685059854091527
0.018685059854091527
0.018685059854091527
0.018685059854091527
0.020188819252587767
0.02169257865108401
0.02169257865108401
0.02169257865108401
0.023196338049580247
0.027366764114743158
0.03020385684657273
0.034331949406314885
0.035605834756633356
0.04385307133025636
0.04512695668057483
0.051810985872686746
0.06933392107273632
0.07583119233621971
0.08556585644487333
0.09107856438923088
0.09914720896595816
0.1086081002927563
0.11818050426797982
0.1236337642293225
0.13282376518292796
0.14384048057363288
0.16104784405268358
0.17461971346162974
0.18382682889282928
0.19879304484638063
0.2181643974425441
0.22929130830126856
0.2535495547447121
0.2779848279567944
0.2993878979103349
0.3245605592494203
0.34903894858105183
0.38170590911742003
0.4101932469949129
0.43579299270342253
0.45324728332674485
0.47501642443843783
0.5019663699100239
0.5293079149969403
0.5570549446263954
0.5895601795956108
0.6040829793162722
0.6375988406280689
0.6543068559600271
0.6714968569136326
0.6904644514290901
0.702387415783704
0.7253799428085618
0.7388156151075334
0.7531167067117497
0.7718286122034252
0.7861052060124433
0.799532712379682
0.8088247428695741
0.8250038309621721
0.8342697984286088
0.8462529933803662
0.8595026903648376
0.8660594096113359
0.8791981285136593
0.8856604495893264
0.8896270646297669
0.9014747837041777
0.9081503989167056
0.9198860707764137
0.9291265711671727
0.9371520996243508
0.9410495355217867
0.9464515134318472
0.9508013141080344
0.9590314362040633
0.9668352565447964
0.9774524544362889
0.9826408901616375
0.9826408901616375
0.9865301601273406
0.9930437632542897
0.9984962406015037
1.0
1.0
1.0
1.0
1.0
