0.017145715063154387
0.017145715063154387
0.017145715063154387
0.017145715063154387
0.017145715063154387
0.01710490186008319
0.016846630990245384
0.01624784163923759
0.015872959428673283
0.015234393108230571
0.013808715336142141
0.013149787521629704
0.011981378869259028
0.010773840036941013
0.009726515172058383
0.00887221359241814
0.008153377378028218
0.007634933537897757
0.0069788132446090955
0.006274288099330715
0.005616457748728529
0.005441266975969417
0.005896790113507924
0.005886884964942141
0.00579600429520249
0.005458842765848775
0.00593758175121301
0.005524564428801444
0.005612664226077182
0.006732510574226674
0.006627967072373663
0.006658942084592907
0.0064462477908721685
0.0063424466232930524
0.006209035052506573
0.00609504011287278
0.005725092316314842
0.005527329108555482
0.005329493668026381
0.005356327062022916
0.005168350865449193
0.004882056139158025
0.004725393477960955
0.00463476348337845
0.004354647344836581
0.004293388852729512
0.0042061486242123075
0.0040830395482369195
0.0039857007601651236
0.003854851306501506
0.003779419104085486
0.003645314347547509
0.0034811433896077626
0.0032584487127444287
0.0030662199087709754
0.002914623702382646
0.002760922257934201
0.002616351984357461
0.002500145001312719
0.0023109594686516327
0.0022034092344486397
0.002042249005045346
0.0019070571472048078
0.0017831362326566924
0.0016553540072298078
0.0015634813770336019
0.0014597931709980925
0.0013678545332742576
0.0012922739781253017
0.0012184770612445864
0.001147702376702664
0.0010771358338605979
0.0010197256561724657
0.0009590550847767827
0.000905272196935081
0.0008573258840416993
0.0008061834866508208
0.0007648031909474835
0.0007206754900676778
0.0006769125795956298
0.0006418589754551856
0.0006051555980668912
0.0005742407900403024
0.0005433525708510337
0.0005136297328253423
0.00048420934277041853
0.00045801226551484263
0.0004334963031095466
0.00041317013482612073
0.0003957288603282127
0.00038132756764563665
0.0003669296624263126
0.0003522613059230869
0.0003404981940895776
0.0003308617235452214
0.0003223951352964425
0.00031512471379176475
0.0003099678189153435
0.0003073099349362473
0.00030621312787854066
0.0002852707884169263
