0.008461538461538461
0.008461538461538461
0.008461538461538461
0.008461538461538461
0.008461538461538461
0.008461538461538461
0.008461538461538461
0.008095238095238096
0.007984496124031008
0.007333333333333334
0.007052273430250541
0.006539074960127593
0.0058773058773058775
0.0053676865271068165
0.0049249249249249255
0.004453240969816922
0.0041941150636802815
0.003757939308398024
0.0033615819209039553
0.0028396548264097935
0.0035611250348092454
0.004427485018676269
0.004046272231565001
0.0037072940531987127
0.003117573248370813
0.0049674895991629504
0.00473167777615046
0.005343839460930594
0.005625685699476001
0.005530776638370317
0.005307246823867854
0.005224479862221478
0.006293350746574096
0.006788284063355131
0.006307771806433498
0.006626347037614591
0.007134031118090255
0.00696738657356339
0.006609208653893003
0.006429301688150231
0.0062134418005981695
0.005937977819222729
0.006095649129068258
0.005902029633040661
0.005795448041145652
0.00562800145227471
0.005349093848623941
0.00520937881037943
0.004981209403391546
0.004624813404613703
0.004340116815201437
0.004109876160215631
0.004013173894055228
0.003871785049147137
0.0037020923820498034
0.0034567174862900505
0.0032317331509525904
0.003131384152210024
0.0029222864282336734
0.002743862779815266
0.0025466604363542688
0.00234142011782547
0.0021944781212803787
0.0021265102650342704
0.0019960116152345515
0.001832658142651829
0.001730993856434803
0.0016200632435434308
0.0014892265005197523
0.0013818731263121812
0.001296807681908226
0.0012114401617996451
0.0011285739792562203
0.0010626948339703718
0.0009953004476189028
0.0009325227752618045
0.0008651899582177841
0.000821684417932004
0.0007723895066000403
0.0007266747298834839
0.0006830766229022803
0.0006395900827152036
0.0006030407879703625
0.0005739351279868726
0.0005401126467788873
0.0005084832951371579
0.00048109908556277493
0.00045448862831645135
0.0004305527585109317
0.0004106086385020185
0.0003896600600460909
0.0003742020603847989
0.0003591143195956013
0.0003455186061335501
0.000334517166296204
0.0003228344180805807
0.00031442486447061765
0.00030974964033470096
0.000307359865375624
0.0003058827767455949
0.0002834321239068044
