0.007959022852639875
0.007959022852639875
0.007959022852639875
0.007959022852639875
0.007959022852639875
0.007959022852639875
0.007959022852639875
0.007959022852639875
0.007959022852639875
0.007959022852639875
0.007959022852639875
0.007959022852639875
0.007959022852639875
0.007959022852639875
0.007959022852639875
0.007959022852639875
0.007959022852639875
0.007959022852639875
0.007959022852639875
0.007959022852639875
0.011880591480090855
0.016135910629027025
0.016135910629027025
0.016135910629027025
0.016135910629027025
0.028568117554350347
0.03264975020741157
0.044516719217237724
0.05223471550666259
0.05593841921036628
0.06019373835930246
0.06383010199566609
0.08422133177362928
0.10418422602223781
0.10826585867529906
0.12371547372441347
0.14690187959989498
0.15787831057632595
0.16550358290748063
0.17716630946382422
0.18880587438070007
0.2000675103482184
0.2275577809030339
0.2434084865409736
0.266710778014193
0.2864830522795837
0.3021600714216484
0.3263477288615855
0.35395905708081643
0.36588382698877964
0.38106703158374894
0.4045293870825786
0.4341329052575254
0.4701389861768907
0.5014444789306223
0.5166088889886493
0.5372043612200952
0.5760677862376414
0.5947368296125672
0.6141080132891326
0.6300028973549446
0.6413318733898029
0.6598662366300485
0.701988096334601
0.725735656824518
0.7294393605282217
0.7558264001925723
0.7711023287458117
0.7750238973732627
0.7868908663830889
0.8023268589619386
0.8149191299128722
0.8228108126981719
0.8418577850224552
0.8536710364352059
0.8659295568646544
0.8700111895177156
0.8897834637831062
0.9014903687673222
0.909382051552622
0.9167221188926893
0.9208037515457504
0.9289806393221377
0.9450006643534268
0.9489222329808777
0.953003865633939
0.960721861923364
0.9646434305508149
0.968898749699751
0.9768577725523908
0.9768577725523908
0.9844157048162054
0.9883372734436564
0.9920409771473602
1.0
1.0
1.0
1.0
1.0
1.0
1.0
